40052871600300007110
40052701600300306111
40052601000300705120
40002651000300704011
04002651000300703220
04002651003000704021
00402651003000703210
00402651030000707201
00402651730000303220
00402651703000307211
00402651073000303210
00402651030000604121
00002641030004601120
00002610030034605011
05002610030030601130
05002601030030602211
05000601020070608020
05800601020070303121
05800631020030301030
05810630020030306021
05610030020030707230
05610030020730408221
05610030028730004200
05610030428700002111
05610230408700007220
05610230407000302221
05610030402000708230
05610030402800402231
40052871600300003221
40052871603000008120
40052081603000405121
40002051603000704010
04002051603000703211
04002051630000704110
00002451630000703111
00002351600030706110
00002651000070704211
00002651040040703020
00302651040000704111
00302451000003702110
00300251000043706221
00300251006040702200
00300051206040701021
00100050206070704010
04100050206030705011
05100000206060707000
75100000206060304101
75104000206030302210
75104000026030303121
75104030026000307010
07104030026004301011
01004030026004602200
01004030206004602201
40052871600300001220
40052870601300004011
04052870601300003130
04052873601000008121
04052083601000403120
04052030601000706111
04052630001000703110
04052300001003704111
00052400001043706000
60052400001040707211
60052400071040301130
60052401070040302001
20050401070044305120
20000451070044306221
20000451076040308010
28000451076040002101
08002451076040001030
08012450076040004121
08012040076044001120
08002010076074003131
08002013076034001020
08102003076034005111
08102503076030001120
08002513076030001121
40052871600300003221
40052871603000004010
04052871603000001231
04052870603100008120
04052080603100403121
04052030600100707020
04752030600100308111
04752830600100002000
24750830600100008101
24758030600100022100
04752030600100403131
04752003600100407030
04072003600104413031
04032000600104706110
04032600000104707021
04732600000104408220
04732600008104001131
04732601008004004020
00432601008004403021
00302601008034406020
00602001008074401021
00102000008077407010
07102000008077001121
07002010008077005110
07002510008073006211
07002510068070002000
27000510068070004101
27004510068040007020
20704510068040002001
40052871600300003220
40052871603000004011
04052871603000007110
04052701603000306111
04052601003000705120
04002651003000707021
04702651003000308210
04702651083000006221
04702051086040001220
04702050081043004111
00702450081043006010
06702450081040004011
04702050081044005010
05702000081074002011
02700000081078008200
02700000801078025111
02700500801074001230
02700500800174003221
02700500803134001130
02700501803034003121
02700531800034001230
02700530800134007031
02070530800134018100
02078530000134003221
02078500003134001120
02078510003034001121
40052871600300007110
40052701600300306111
40052601000300705120
40002651000300707221
40002651007300303220
40002651003000606221
40002051006040601220
40002050001043603111
40002350001003607210
40002350071003304011
04002350071003305010
05002300071033302011
02000300071037308030
02080300071037005131
02080305071033001230
02080305070133003211
02080005030133401220
02080005031033401221
40052871600300003221
40052871603000004010
04052871603000007111
04052701603000306110
04052601003000705121
04002651003000702000
24000651003000703211
24000651030000707220
24000651037000303111
24000351007003302110
04000251007043305011
05000201007073303230
05000201007333301031
05010200007333302010
02010000007337308021
02810000007337002000
20810000007337001121
20800010007337005130
20800015007333008011
28000015007333002100
08002015007333006211
08002015067330002200
08000015267330004101
08004015267300002100
08002015067340002101
40052871600300007111
40052701600300306110
40052601000300705121
40002651000300704010
04002651000300703221
04002651003000704020
00402651003000708031
00482651003000404120
00082641003004403121
00082631000034407220
00082631007034008021
00802631007034005210
00802631057030003111
00802301057033002110
00800201057073004011
04800201057043002200
04800001257043006111
04800601257040002100
04802601057040004001
40802601057040002000
20800601057080002001
40052871600300007111
40052701600300306110
40052601000300705121
40002651000300706220
40002051006300703221
40002051003003704010
04002051003003708111
04002851003003404110
00002451003003805231
00002401003503804120
00002041003503805121
00002051003033802110
00000251003033805211
00000201053033802220
00000001052073802221
40052871600300007111
40052701600300306110
40052601000300705121
40002651000300706220
40002051006300703221
40002051003003704010
04002051003003708021
04802051003003404020
00402051003003801021
00102050003033802110
00100250003033802111
40052871600300007110
40052701600300302111
40050201600300701220
40050200601300702121
40050020601300701210
40050020610300702131
40052871600300007111
40052701600300302110
40050201600300701121
40050210600300702220
40050010602300701211
40050000612300702130
40050002610300702131
40052871600300007110
40052701600300302111
40050201600300701120
40050210600300702221
40050010602300701210
40050000612300702131
40050002610300701100
40051002600300707111
40051702600300308120
40051782600300004011
04051782600300003220
04051782603000002231
04051780603200001000
14050780603200002131
40052871600300007110
40052701600300302211
40050701620300307100
40057001620300312221
40057001602300307110
40050701602300302231
40050701600240307120
40050071600240302221
40050071602040308020
40850071602040002231
40850071600240008010
48050071600240002221
48050071602040001020
48150070602040002231
40052871600300007111
40052701600300302110
40050201600300701121
40050210600300702220
40050010602300708131
40050018602300407020
40750018602300001111
40750108602300007030
40070108602304018121
40070180602304007020
40700180602304001211
40700080612304007010
47000080612304001111
47000180602304004100
07004180602304001211
07004080612304004110
07000480612304003131
07000483612004004120
07000043612004401111
07000143602004402230
07000143600204401001
40052871600300007110
40052701600300302211
40050701620300307100
40057001620300312221
40057001602300307110
40050701602300302231
40050701600240307120
40050071600240303011
43050071600200301020
43150070600200302131
43150072600000301110
43050172600000302231
40052871600300007110
40052701600300302111
40050201600300708210
40050201680300402121
40050021680300408200
40050021800303427221
40050021807303001020
40150020807303007231
40150020800743018210
40150020080743007221
40150020087043001110
40050120087043007211
40050120070043401200
40050020170043404011
04050020170043401210
04050020010043701211
40052871600300007110
40052701600300302111
40050201600300701120
40050210600300702101
40052010600300701210
40052000610300701211
40052871600300007111
40052701600300302110
40050201600300705121
40000251600300704010
04000251600300703221
04000251603000704020
00400251603000708211
00400251683000404120
00000241683004403121
00000231680034402210
00000031620034804221
00000031624004802100
00002031604004801021
00102030604004806110
00102630004004803111
00102300004007802200
00100300204007804211
00100300240007802110
00100200040047802111
40052871600300007110
40052701600300302111
40050201600300703220
40050201603000704011
04050201603000705120
04000251603000704021
00400251603000703210
00400251630000702101
00402051630000705230
00402001630500704121
00002041630500708220
00002041638500401131
40052871600300003220
40052871603000008121
40052081603000403210
40052081630000406111
40052681030000401120
40052610030000704011
04052610030000708220
04052610038000406021
04652010038000401130
04652001038000404111
00652401038000405120
00602451038000404211
00602051048040405030
00652001048040403111
00652301048000401120
00652310048000403011
03652010048000408210
03652010080030403111
00652310080030401130
00652301080030403211
00652001030030805120
00602051030030801131
40052871600300007110
40052701600300306111
40052601000300708220
40052871600300003221
40052871603000008120
40052081603000403121
40052031600000707020
40752031600000303021
40352001600000606110
40352601000000607121
40352671000000306020
40652071000040301021
40152070000043303220
40152070003003301131
40052071003003303120
40052031000003701121
40052010000033707210
40052010070033301131
40052001070033304010
04052001070033301121
04052010070033304020
00452010070033301021
00152000070063307220
00152000007063301121
00052010007063307230
00052010000763311231
00052000000163602110
00050200000163601131
00050201000063602210
00050001020063608221
00050001028063302110
00050201008063307121
00050271008063002010
02050071008063008211
02050071080063002100
00052071080063007111
00052701080063002110
00050201080063406221
00050201086060407010
07050201086060003121
07050231086030002210
07050031026030404111
07050431026000402200
07050431206000401231
07050430206100407020
00750430206100404101
00754030206100402100
00752030006140403111
00752300006140408000
80752300006140003011
83752000006140008010
08752000006180001121
08752010006080003210
08752010036040001131
08752001036040003220
08752001003044001221
08752000001074006120
08752060001070001121
08752010000073007030
08072010000077011031
08012000000077305120
08012050000073301121
08002010000076308020
00802010000076301021
00102000000076602210
00100000020076608221
00100000028076302100
00102000008076307111
00102700008076002000
20100700008076008211
20100700080076002110
00100200080076402111
40052871600300003220
40052871603000008121
40052081603000401120
40052010603000707021
40752010603000301130
40752001603000307031
40072001603004311120
40072010603004305211
40072010653000301130
40072001653000301131
40052871600300007110
40052701600300302111
40050201600300703220
40050201603000707021
40750201603000303230
40750201600300307031
40070201600304313220
40070201603004301131
40052871600300003220
40052871603000008121
40052081603000403210
40052081630000401131
40052871600300003220
40052871603000008121
40052081603000405120
40002051603000707021
40702051603000301020
40102050603000606111
40102650003000601030
40012650003000606221
40012050006040601020
40102050006040603211
40102050036000601030
40012050036000606111
40012650030000607020
40712650030000306021
40612050030000701020
40102050030003703221
40102050003003701030
40012050003003707211
40012050073003301020
40102050073003303121
40102030070007301030
40012030070007305111
40012530070003301020
40102530070003301021
40052871600300007111
40052701600300304010
04052701600300305121
04002751600300304020
00402751600300303221
00402751603000304120
00002741603004303121
00002731600034305010
05002731600030302101
40052871600300007111
40052701600300304010
04052701600300301121
04052710600300306110
04052610000300703221
04052610003000706020
04652010003000703211
04652010030000706130
04052016030000701221
04052006031000706020
04652000031000703111
04652300001000704000
40652300001000703211
40652000031000702110
40650200031000702111
40052871600300007111
40052701600300304010
04052701600300303221
04052701603000304020
40052871600300007111
40052701600300304010
40052871600300007111
40052701600300306110
40052871600300007110
40052701600300304011
04052701600300303220
04052701603000304021
00452701603000301120
00452710603000301121
40052871600300007111
40052701600300304010
04052701600300301121
04052710600300304000
40052871600300007111
40052701600300302110
40050201600300703221
40050201603000702120
40050021603000702121
40052871600300007111
40052701600300302110
40050201600300703221
40050201603000702120
40050021603000708231
40050021603800402020
40250001603800403121
40250031600800402030
40020031600804403111
40020301600804402020
40200301600804403101
40203001600804402030
40023001600804403001
30020001600834405020
30520001600830403011
03520001600830405110
03020501600830408221
03020501608030405020
03520001608030408211
03520001680030402120
03500021680030408201
03500021800033422110
03500201800033402111
40052871600300003220
40052871603000008121
40052081603000403210
40052081630000404011
04052081630000403110
04052381600000401131
40052871600300007111
40052701600300304010
04052701600300302101
40052871600300007111
40052701600300302110
40050201600300705121
40000251600300704010
04000251600300703221
04000251603000704020
00400251603000703211
00400251630000702100
00402051630000708111
00402851630000402000
20400851630000403201
20400851300003404120
20000841300007401121
20000810300037405130
20000815300033404011
24000815300003402110
04000215300003802111
40052871600300003220
40052871603000008121
40052081603000405120
40002051603000706111
40002651003000703210
40002651030000706221
40002051036000703220
40002051003003704011
04002051003003703210
04002051030003704021
00402051030003701020
00102050030033707221
00102050037033308230
00102050037833007231
00102050030733415230
00102000030533702211
00100000020573705120
00100050020073702101
00102050000073707010
07102050000073403131
07102053000033401130
07002051000063402111
07000251000063401030
07010250000063408221
07010250008063007000
70010250008063012001
20010050008063403020
20310050008033402111
00310250008033403010
03010250008033402101
03012050008033403000
30012050008033402001
20010050008073405210
20010000058073403111
20010300058033401130
20000301058033403211
20000001038037401120
20000010038037403111
20000310008037401130
20000301008037405121
20000351008033404020
20400351008003405211
20400301058003404120
20000341058003405121
20000351008043406210
20000351068040405211
20000301058044401030
20010300058044406121
20010360058040401130
20000361058040404031
20040361058000401020
20140360058000401021
40052871600300007110
40052701600300302011
42050701600300301220
42050700601300302021
40250700601300305120
40200750601300302031
40020750601300307100
40027050601300314011
04027050601300305210
04027000651300302021
04207000651300301110
04207100650300302031
40052871600300007110
40052701600300302111
40050201600300705120
40000251600300704011
04000251600300703220
04000251603000704021
00400251603000708210
00400251683000404121
00000241683004403120
00000231680034402211
00000031620034801020
00100030620034806111
00100630020034801010
01000630020034805131
01000635020030804220
01000635024000802201
01000635204000803110
01000305204003805221
01000300205043803120
01000030205043804111
01000430205003803110
01000300205033805111
01000500200073804120
01000540200043803131
01000543200003804130
01000504200033805221
01000004205033804120
01000040205033805111
01000540200033804110
01000400200036808221
01000400208036404120
01000040208036407021
01700040208036004220
01700000204036307031
01070000204036314120
01070040200036302111
01070240000036304020
01470200000036301011
40052871600300003221
40052871603000004010
04052871603000003211
04052871630000004000
40052871630000003221
40052871603000004010
04052871603000003211
04052871630000004000
40052871630000003221
40052871603000008120
40052081603000403121
40052031600000706110
40052631000000708221
40052631008000406220
40052031006000801221
40052030001003804010
04052030001003806211
04052030061000802200
04050030261000803131
04050003261000804110
00050403261000805121
00000453261000804120
00000043261004803121
00000030261034802210
00000030021038802211
40052871600300007111
40052701600300302110
40050201600300705121
40000251600300704010
04000251600300703221
04000251603000704020
00400251603000703211
00400251630000702100
00402051630000708111
00402851630000402000
20400851630000401021
20100850630030406110
20100650030030803111
20100350000033808220
20100350008033404011
24100350008003402110
04100250008043402111
40052871600300008121
40052081600300401120
40052010600300706111
40052610000300703220
40052610003000706221
40052010006040708210
40052010086040403131
40052013086000401220
40052003081003403031
40032000081007406120
40032060081004405111
40032560081000401230
40032560080100403131
40002563080100401130
40002561080030405221
40002061085030401220
40002060081033404011
04002060081033403200
04002060381003402001
24000060381003405130
24000065381000404111
20000465381000401230
20000465380100404121
20000045380104401120
20000015380034406111
20000615380030404010
24000615380000406201
24000015680040402000
40052871600300008121
40052081600300405120
40002051600300706111
40002651000300703220
40002651003000706221
40002051006040701220
40002050001043703131
40002053001003701130
40002051000033704011
04002051000033703210
04002051030003704021
00402051030003708220
00402051038003404121
00002041038007401120
00002010038037405111
00002510038033403110
00002310008036402001
20000310008036404010
24000310008006402111
04000210008046402110
40052871600300008120
40052081600300405121
40002051600300706110
40002651000300703221
40002651003000706220
40002051006040708021
40802051006040401130
40052871600300008121
40052081600300401120
40052010600300706111
40052610000300703220
40052610003000706221
40052010006040701220
40052000001043703121
40052030001003705120
40002050001033704011
04002050001033703210
04002050031003704021
00402050031003706110
00402650031000704121
00002640031004701120
00002610030034705131
00002615030030704010
04002615030000705221
04002610035000708020
04802610035000405111
04802510030004403110
04802310000007402201
04800310200007404000
40800310200007406131
40800316200003404100
00804316200003402111
00804216000043402110
