00000001052073802221
00000031620034804221
00000241683004403121
00000251003033805211
00000461200540701221
00002010670073404111
00002031604004801021
00002041003503805121
00002041603004703121
00002041638500401131
00002041670034405011
00002061075070301021
00002401670033404011
00002450001043705231
00002451003003805231
00002451600300703221
00002451630000703111
00002460001540701131
00002460001540701131
00002461070540306031
00002651000070704211
00040201603004801131
00050401020043706121
00050401028043402201
00050461020040702101
00052400001043701131
00052401000640704011
00052461000040706231
00062451070040301021
00070000231634401121
00070001235630401021
00070040201644401121
00070510230630401131
00072010030634404001
00080630020144305011
00082510000773016211
00082531070034001121
00082561007070001121
00082600050170302211
00082631007034008021
00082641003004403121
00100200040047802111
00100250003033802111
00100250040043702111
00100250300034702111
00100300204007804211
00100350200033704211
00100350206030706111
00102560070070301131
00102630004004803111
00102650000060703201
00102650030030703111
00162040070044306121
00170500230630401131
00300051206040701021
00300251000043706221
00302561070030308031
00302651040000704111
00302700600133404221
00302700684103001131
00302701608043001021
00400050201640707031
00400050201640707031
00400051206040701021
00400251300003703211
00400251300003706221
00400251603000703211
00400251603000703211
00400251603000703211
00400251603000708211
00400251630000702101
00402051003003801021
00402051030003708111
00402051630000701021
00402051630000703201
00402651703000307211
00432601008004403021
00450201600300804031
00470501200304401231
00570000200174407021
00600030420103702111
00600030420103702111
00602001008074401021
00604230000103702211
00650401208040407001
00700030020147405221
00700200000177403121
00708030025144001131
00708031625040007011
00800201057073004011
00800601240303402211
00800651020340402101
00802051600070401121
00802450001640407201
00802451700640007211
00802561070070004011
00802601054300402201
00802631040004406001
00802631057030003111
00802710600073001221
00850461270040004101
00852401070640002201
01004030206004602201
01030470002806001001
01034670020803004111
02000040076134406111
02000601003034706021
02000640075130408021
02000641000304705211
02010000007337308021
02050401000043706121
02078510003034001121
02078530000134003221
02080005031033401221
02080300071037005131
02080305070133003211
02080400076133006111
02080631040004402101
02080650070170002101
02400001670034402101
02600001000073701131
02610000003034707111
02610073000033407131
02610780003034005131
02610785000330007121
02700000801078025111
02700500800174003221
02700501803034003121
02700530800134007031
02800400075133005111
02800540076130008031
02800541070034006221
02800560070170002101
02800641050300402101
03000051270034402111
04000000251640705121
04000000251640705121
04000251007043305011
04000251600300703221
04000251600300703221
04000251600300703221
04000251600300703221
04000251600300804021
04000251603000704021
04000701628033003021
04002051000640704001
04002051003003708021
04002051003003708111
04002051006040701221
04002051060030702111
04002051060030702111
04002051600300706111
04002051603000703211
04002051670030406111
04002651000300703221
04002651000300708031
04002651000300708031
04002651003000704021
04002651003000707021
04003251060000702121
04032600000104707021
04050020010043701211
04050301020003704111
04050301020003704111
04051782603000002231
04052001000640705121
04052001000640705121
04052001006040701221
04052001006040701221
04052030601000706111
04052080603100403121
04052081600300405121
04052081600300405121
04052081600300405121
04052300001003704111
04052601003000705121
04052631000000702211
04052631000000702211
04052701603000306111
04052701603000306111
04052701603000306111
04052871600300008121
04052871603000001231
04052871603000003231
04052871603000003231
04052871603000003231
04052871603000007111
04052873601000008121
04072003600104413031
04072651003000415031
04072651003000415031
04080000251640404111
04082610007304006001
04082651000300407021
04100050206030705011
04102700608033001131
04602010007304306111
04612050000300708111
04612850007300008121
04700251300003308211
04700251603000303211
04702050081043004111
04702051630000303201
04702651083000006221
04732600008104001131
04752030600100308111
04752030600100403131
04782651000300003221
04782651000300003221
04800001257043006111
04802601057040004001
04802651000300306021
05000200076160402011
05000201007333301031
05000201070064406221
05002031600030708021
05002300071033302011
05002601000330702011
05002601000330702011
05002601007080304121
05002601030030602211
05002601070060402011
05002640007140303131
05002641007030301131
05080630027140002101
05082603007140008131
05102040670030405121
05610030020730408221
05610030402800402231
05610030428700002111
05610230407000302221
05702000081074002011
05800601020070303121
05800613207040004001
05802601000340402201
05810600200340407221
05810603207040002211
05810630020030306021
05812603007040002201
06082001075060001021
06082501007060004121
06082510070060001131
06182500070060001131
06702450081040004011
06802501070060002011
06854001270040004001
07000043612004401111
07000143600204401001
07000480612304003131
07000831620034003221
07002510008073006211
07002801603034004001
07004180602304001211
07008431625000005111
07050200038144002021
07050400208134002111
07052041008044003001
07053040208104003001
07053040208104003111
07102000008077001121
07104030026004301011
07250300008144002031
08000015267330004101
08002010076074003131
08002015007333006211
08002015067340002101
08002513076030001121
08012450076040004121
08030601207530002101
08030610207034005231
08050301270034003011
08074250030104002021
08102003076034005111
08274350000104006131
08274356001000001221
08302601007530006021
08602000001570303121
08602030000133302011
14050780603200002131
20000451070044306221
20000815300033403101
20000841300007401121
20070001060074401231
20160450070040301131
20400851030003403201
20704510068040002001
20800015007333008011
20800601057080002001
20810000007337001121
24000651003000703211
24000651037000303111
24750830600100008101
27000510068070004101
28000451076040002101
30100700628033004011
34100700620803024001
37050041208004003101
37050041208004003101
37052040008104002201
40000000251640704011
40000050201640705211
40000050201640705211
40000051620300802111
40002050001043603111
40002050001043703131
40002050001043703131
40002050001640702201
40002051000033704011
40002051000033704011
40002051000640701221
40002051000640701221
40002051006300703221
40002051006300703221
40002051600300706111
40002051600300706111
40002350071003304011
40002651000300704011
40002651000300704011
40002651000300704011
40002651000300707021
40002651000300707221
40002651003000606221
40002651003000706221
40002651003000706221
40050000612300702131
40050002610300702131
40050010602300701211
40050010602300708131
40050020170043404011
40050020610300702131
40050021800303427221
40050071600240302221
40050071600240303011
40050120087043007211
40050200601300702121
40050201600300701121
40050201600300701121
40050201600300705121
40050201600300705121
40050201600300705121
40050201600300705121
40050201600300705121
40050201600300804011
40050201603000704011
40050201680300402121
40050201680300402211
40050210600300702101
40050210600300702221
40050701602300302231
40050701602300302231
40051002600300707111
40051782600300004011
40052000610300701211
40052081603000405121
40052601000300705121
40052701600300302111
40052701600300302111
40052701600300302211
40052701600300306111
40052870601300004011
40052871600300003221
40052871600300007111
40052871600300008121
40052871603000004011
40057001620300312221
40070010230604401131
40070108602304018121
40070201030604406121
40072650001040303131
40100700602833003031
40130070602803001011
40150020080743007221
40150020807303007231
40700021386004002121
40700180602304001211
40700251380003006221
40700251600300303221
40702050001043307031
40702651003000306221
40750018602300001111
40850071602040002231
41030070620803004101
42000801603004402011
42070061030004406211
42600030000103702111
43050172600000302231
43150070600200302131
45830610207000004011
46850010270040003111
46850301270000004011
47000080612304001111
48050071600240002221
48070250003104004101
48072650000130002111
48072653001000003231
48150070602040002231
50600230400100702011
52604010008030301121
52604030000100708221
60052400001040707211
60052401070040302001
60082403007104002011
60812030040004407111
60812703040004004221
62080030040104406111
62080403070104004211
62100703004004401021
64082013007004004111
68012703004004002011
70050241008044002101
70050601208070002111
70052040008144007011
75100000206060304101
75104000026030303121